The Middle 0
3 3 3 3 3 3 3 3 3 3 3 3 3 3 3 3 3 3 3 3 3 3 3 3 3 3 3 3 3 3 3 3 3 3 3 3 3 3 3 3 3 3 3 3 3 3 3 3 3 3
Winnie ThePooh 100
3 1 2 2 2 3 5 3 5 3 5 1 3 1 4 3 5 2 5 3 5 1 3 1 5 1 5 3 1 1 3 1 3 1 3 3 5 2 1 2 3 5 1 1 3 3 5 3 1 5
David Simpson 22
2 4 2 5 1 3 5 2 1 2 4 2 4 5 3 3 5 1 1 3 2 2 3 5 1 5 5 4 1 3 3 4 5 5 3 3 5 5 5 5 5 1 5 5 3 2 2 5 5 5
Bart Stevenson 22
1 2 3 3 4 5 5 3 4 2 3 3 4 3 4 4 4 3 1 2 3 3 5 2 3 5 4 1 2 2 3 2 4 5 3 4 4 3 4 4 3 4 4 3 5 4 3 5 4 5
Logan Bowers 22
1 2 4 4 2 4 1 1 3 2 3 2 4 5 5 3 3 3 2 2 3 3 4 2 3 3 3 2 2 1 3 3 4 2 3 5 3 2 2 3 2 3 5 2 5 3 3 3 3 4
Cindy Arnold 56
3 1 4 3 3 2 5 2 3 1 4 1 5 4 4 2 5 2 2 1 5 1 3 4 4 1 4 2 3 2 2 1 5 2 4 4 5 1 2 3 3 4 5 2 5 2 4 4 3 5
Matthew Krahel 29
3 1 4 3 4 2 4 3 2 3 3 3 4 5 1 3 4 2 2 3 2 2 2 4 5 2 4 3 3 5 2 2 4 3 5 5 3 3 3 3 3 5 2 3 3 2 3 4 3 3
Leah Evans 18
1 2 4 5 2 5 3 3 2 1 2 1 5 5 4 5 4 4 3 1 2 4 2 1 5 4 4 2 1 1 1 4 5 2 5 4 3 1 1 2 1 3 5 1 5 5 4 5 1 5
Jackson Tiemeyer 20
3 1 3 4 2 1 5 4 5 3 4 2 2 5 5 4 5 3 5 1 5 1 2 1 5 3 5 5 5 1 5 1 5 4 3 5 5 2 3 1 1 4 5 4 5 3 3 4 2 5
Harrison McLain 22
2 2 4 3 4 5 1 2 3 2 3 2 4 4 5 4 3 2 2 1 2 4 3 4 3 4 4 1 2 1 1 4 5 3 4 4 2 1 2 3 2 2 5 3 4 5 3 4 4 3
Nicholas Rains 30
1 2 3 4 5 5 4 3 2 1 1 2 3 4 5 5 4 3 2 1 1 2 3 4 5 5 4 3 2 1 1 2 3 4 5 5 4 3 2 1 1 2 3 4 5 5 4 3 2 1
Jonathan Salow 26
4 1 3 4 3 1 5 5 1 2 5 2 4 4 3 2 5 4 2 1 5 1 2 1 3 1 5 4 4 4 4 1 4 4 5 2 5 1 4 4 4 4 1 2 5 2 5 5 4 4
Zach Adams 30
3 2 5 3 4 1 1 1 4 1 2 3 5 4 4 1 3 1 2 1 4 3 3 3 5 1 2 1 3 1 2 3 4 3 4 4 3 1 2 4 4 3 2 4 4 4 2 5 3 4
Preshus Glenn 23
4 1 4 3 4 2 4 3 3 1 4 2 5 4 3 3 4 3 2 1 5 2 3 2 4 2 5 2 1 2 3 2 3 2 4 3 2 2 2 3 2 4 3 2 2 4 4 5 3 3
Seth Nelson 28
1 2 4 3 5 4 3 2 5 1 3 1 5 4 2 5 4 1 3 1 1 4 5 4 3 5 3 1 2 3 1 3 5 2 4 5 4 1 1 5 1 3 4 2 5 4 3 5 3 3
John Briedis 22
1 2 3 4 5 5 4 3 2 1 1 3 5 2 4 2 4 1 3 5 5 3 1 4 2 4 2 5 3 1 3 1 5 2 4 3 5 1 2 4 3 1 5 4 2 3 5 1 4 2
Nathaniel Ward 19
1 3 1 2 4 5 4 4 2 1 2 1 5 4 5 5 4 2 2 2 4 3 1 1 4 2 3 5 2 1 1 2 1 2 4 3 5 4 2 4 2 2 1 2 5 5 2 5 4 5
Kaleb Huffman 20
5 2 3 3 4 2 5 3 4 2 5 1 4 3 5 2 5 2 4 1 5 1 4 2 5 2 4 2 3 1 5 1 4 1 4 2 4 2 1 4 5 5 3 1 4 1 4 4 1 5
Nathan Bradford 20
1 4 4 3 3 5 2 3 3 2 3 2 4 4 2 5 2 3 2 1 2 4 2 2 3 3 4 4 3 2 1 4 4 3 4 5 3 3 2 2 1 2 3 2 4 5 3 3 3 3
Ardbert Azem 27
3 1 4 2 5 1 5 1 3 1 5 1 5 4 4 1 5 1 4 1 5 1 4 3 5 1 5 2 3 2 5 1 4 1 4 3 5 2 2 5 3 5 4 4 5 1 3 4 4 3
Elizabeth Middlebrook 18 
1 1 4 5 1 3 4 2 3 3 3 1 5 4 3 3 5 1 2 3 4 1 3 4 3 2 5 2 1 2 2 1 4 3 2 3 5 3 3 1 2 5 5 1 5 3 3 3 3 3 
Adam Tindall 28
1 2 4 3 5 4 1 3 4 1 1 1 4 4 5 4 2 1 1 2 2 5 1 3 5 3 4 1 1 1 1 5 4 2 4 4 3 1 1 3 2 2 4 2 5 5 2 5 4 5
Harrison Crettol 18
1 1 4 2 3 5 2 1 5 2 2 1 5 4 3 5 5 1 2 1 2 3 4 2 3 5 5 1 2 2 1 4 4 2 4 5 4 3 2 3 1 4 4 3 4 5 3 4 4 3
Eun-Jin Chae 34 
2 1 5 5 3 1 5 2 1 3 4 1 5 3 3 2 4 1 2 4 4 2 2 4 5 1 4 4 4 1 3 2 5 3 3 2 4 1 1 2 4 5 5 3 5 3 5 5 1 5
Alex Moyer 19
2 1 4 5 4 2 4 2 2 1 4 1 4 5 4 5 5 1 2 2 2 1 3 2 4 2 4 4 2 2 1 1 4 2 2 5 4 2 1 4 1 5 4 3 5 5 4 4 4 4
Kiran Upadhyaya 30
3 1 5 3 3 2 5 2 4 1 5 2 4 5 5 1 5 4 2 1 5 1 2 4 3 2 4 3 4 1 3 1 2 2 4 4 4 3 1 3 5 5 2 2 4 1 3 3 1 5
Ben Kreider 19
2 1 5 4 4 3 4 1 2 1 3 1 5 4 4 3 5 3 4 1 3 2 4 2 3 2 3 2 2 2 1 1 5 1 5 4 4 1 1 4 3 4 4 3 4 3 3 4 2 4
Jake Moore 19
4 3 2 4 3 2 3 1 2 3 4 2 1 2 1 3 3 4 2 4 4 5 4 5 3 4 1 4 3 2 3 4 2 3 3 3 2 1 2 3 3 3 4 4 3 2 4 3 2 1
The Extrovert 21
5 3 2 1 3 1 5 4 5 3 5 4 3 2 5 1 4 3 4 3 5 2 3 2 3 1 4 3 3 2 5 1 2 3 3 1 4 2 2 1 5 4 3 2 2 1 5 3 2 4
Leia Robinson 20
1 1 4 5 3 4 3 5 3 2 3 2 4 5 4 5 5 5 2 2 3 1 2 3 3 4 5 5 5 2 1 3 3 4 3 5 4 4 4 4 2 4 3 4 3 5 3 4 4 4  